24182
50239
52074
15078
24865
9114
44928
47365
4286
57947
39994
8616
49480
46438
10693
64531
24027
25934
16277
59609
43644
62145
21475
44046
22905
18276
48629
18539
55073
3425
31615
27550
53356
5272
19266
45901
48465
62495
17323
482
43727
64675
33194
4142
17566
48563
22166
10106
43104
16473
37450
56592
58588
7530
29785
20212
36107
61891
13074
44905
27030
40558
21783
29836
55501
47785
47306
47332
44784
41586
45002
56146
37768
24957
6970
14067
44586
10444
47723
32814
35430
4317
39094
31168
6411
13142
41839
62801
39382
64027
19874
32060
38107
13989
55202
19194
17494
51063
23478
58690
24249
25456
25330
42165
58241
30474
11269
35883
50295
48931
23986
7287
13863
41868
60964
47416
26183
61968
9043
40748
60253
62564
46554
33443
42714
27062
691
32942
4032
27323
32843
54619
2255
60918
13174
40756
61299
34180
63622
6819
31106
4183
7940
4259
5241
49825
2773
31266
45724
60560
30503
32357
34430
55202
13643
17686
60667
35333
10087
34473
22076
6352
2923
11713
6356
52729
59792
46111
52213
59754
37340
35901
45079
22153
10517
57258
17859
48211
61069
6216
389
50887
60456
6551
61364
8349
26805
11715
33794
1153
44229
35395
1254
37287
56220
59367
23296
43151
26381
5201
13873
18102
36376
7539
46631
27307
42399
58576
10235
2632
55321
36439
8068
41527
65499
34807
46667
13710
7884
24979
7399
3445
20784
35667
54090
18615
30486
26724
49731
61704
60402
12436
24997
15628
44420
31199
62503
18900
11591
13895
24987
39431
35293
41119
8888
15235
9010
17977
9374
35538
58371
49709
14001
7768
26829
11087
210
44529
34506
56883
17237
36606
63531
35584
10967
7409
60655
436
20839
43918
29835
32977
61856
13927
39770
37080
16509
14591
23229
9332
38223
2207
15192
38901
19791
50334
39148
46445
22346
55217
40557
27382
17625
62819
18995
57694
12050
7670
34038
63559
52588
10543
46506
23647
50305
37382
22460
56031
30721
10819
15309
52476
60799
12722
1051
25871
32115
16784
36982
57284
62036
3506
53634
37943
9330
10908
31423
12427
18719
38386
22097
7053
52811
30244
22415
39354
20011
29367
43359
31356
37345
47295
50852
25676
48143
35587
36026
24929
7531
31510
15699
50545
19427
46331
38244
32174
20701
16776
46438
4312
62208
45356
17175
9375
41987
10568
20923
2331
43255
32244
37470
14883
62659
35148
40345
49638
32208
50296
53899
8088
51966
48528
65238
39354
3513
7383
28751
27771
30988
50075
3659
60271
3241
11154
62733
45371
49366
38707
52526
14809
47530
9811
45596
35511
52972
20155
6472
49715
34502
8852
28308
56101
28223
52901
21800
37930
10202
44228
62830
4978
20546
35819
62668
34991
34747
35562
37103
5704
9890
15757
33363
45824
55401
14838
22474
25672
5345
36203
47543
12646
4189
43308
44889
61250
45423
53522
36272
38327
44045
62307
36317
10324
26409
37701
17189
30616
30779
23045
54969
39762
35137
16225
21480
9465
32441
37373
41462
45019
54522
36827
29829
53086
60581
34583
24480
63219
28116
31106
60540
1766
61009
5744
36541
49688
39408
11580
27423
52771
2641
58605
12017
40727
42457
29291
42727
5162
31347
25335
11027
47656
24577
3128
24591
60552
24203
17122
47681
5642
36240
5211
53935
28394
27224
9132
7221
38
37730
13885
16310
49833
56574
63004
9457
9468
20289
32114
63348
31900
9666
44633
49922
12124
50889
64243
15260
8131
38674
10367
2798
60198
57984
56469
25064
17348
60933
49878
22915
31393
58624
45729
56264
40517
16856
5290
52787
19354
44881
34705
10949
61076
9244
21735
46494
8155
11466
7761
21641
38206
22416
30713
31737
43702
29202
9093
7341
29547
35039
51355
26113
64418
13342
24253
9658
34868
57794
50052
40600
11320
15684
63630
7689
42047
9276
18992
7747
36358
28601
47869
18544
30300
14567
54568
37157
58108
46625
51638
979
9705
49298
10884
42802
383
64507
45048
28709
43577
18090
16791
10678
41812
59660
51756
62040
4175
10011
26873
51293
1272
42019
412
9298
60056
6076
30815
53098
26895
21198
35000
45293
14462
35429
54254
57290
35336
25817
50904
46975
11773
51773
19207
20763
33310
64432
60027
38295
26012
52203
26801
7403
47177
59145
43356
24773
12645
9652
40991
4548
61148
49501
36335
60846
61893
35252
56313
37818
42704
45083
53784
64711
37749
27046
23393
24480
43263
11429
12075
2151
38857
8465
29668
40210
44243
1142
15240
15130
21774
8112
50124
2808
49704
28682
58987
18524
28369
4970
40057
14648
23144
47453
25273
15657
57405
65095
61642
37291
35609
27686
23007
57610
21732
31263
57261
27037
27248
29468
36890
60295
63131
10496
1882
29794
13458
55013
15287
9524
18771
30334
10731
46795
16035
3213
12561
34482
10242
23409
20533
35455
39627
58001
44412
35665
30729
51918
33829
22415
46783
9452
64333
14419
45748
52132
28676
27069
11415
432
25001
52438
63163
2411
44131
44626
29660
4359
53987
43502
60893
53536
19088
13954
7981
42175
38017
50567
29955
1784
13785
4521
55525
44212
44077
58881
40831
40324
23035
29164
24464
3763
13623
63406
24664
31911
6530
5395
22835
51629
57962
2205
57019
37813
33531
39561
62108
40286
55375
55892
15600
1936
57403
50932
58958
14514
48170
33908
25477
2727
44826
46281
46266
8857
19529
22112
13438
61986
53094
39102
36305
43525
5746
342
25785
34990
46583
4129
43571
11084
59784
6065
7136
29857
49425
58959
39025
57910
28590
6435
26003
50288
24211
56807
20784
20809
63112
38702
28836
22974
37020
20864
47914
75
52067
30772
37772
63586
33176
28378
42577
62707
47443
712
3962
13377
17642
26354
11151
53812
10151
9783
38300
21977
38313
11365
52468
64450
3893
26729
42119
37575
24850
16643
43071
29845
32090
64638
60895
42169
11960
41617
35866
28827
41915
51429
5788
56978
1170
7679
50810
47847
33826
36544
20124
23722
14684
12207
4335
8948
8181
63442
28239
53873
50186
7808
5600
7398
45876
2900
33717
50411
64299
11958
43002
41424
60152
27998
63997
46776
25469
41223
60241
9825
14292
55256
53623
59316
8477
45392
24048
12182
21671
28429
44972
53071
56075
61381
58350
42570
55974
61269
59854
26162
25836
7839
47399
35761
17347
13436
3538
43220
20287
13720
28997
6701
3253
18127
55520
31244
37503
19383
64691
44808
49206
60676
64509
12750
58835
61248
65436
4847
38220
48462
35335
